1 10 20
100 200 125
201 210 89
900 1000 174
101 50 119
1001 2000 182
2001 3000 217
3001 4000 238
4001 5000 215
5001 6000 236
6001 7000 262
7001 8000 252
8001 9000 247
9001 10000 260
10001 20000 279
20001 30000 308
30001 40000 324
40001 50000 314
50001 60000 340
60001 70000 335
70001 80000 351
80001 90000 333
90001 100000 333
100001 200000 383
200001 300000 443
300001 400000 441
400001 500000 449
500001 600000 470
600001 700000 509
700001 800000 504
800001 900000 525
900001 999999 507
999999 900001 507
900000 800001 525
800000 700001 504
700000 600001 509
600000 500001 470
500000 400001 449
400000 300001 441
300000 200001 443
200000 100001 383
100000 90001 333
90000 80001 333
80000 70001 351
70000 60001 335
60000 50001 340
50000 40001 314
40000 30001 324
30000 20001 308
20000 10001 279
10000 9001 260
9000 8001 247
8000 7001 252
7000 6001 262
6000 5001 236
5000 4001 215
4000 3001 238
3000 2001 217
2000 1001 182
1000 901 174
1000 1000 112
30 30 19
1 999999 525
999999 1 525
201 300 128
301 400 144
401 500 142
501 600 137
601 700 145
701 800 171
801 900 179
901 1000 174
1000 1500 182
1 100 119
100 1 119
1500 1000 182
1 5 8
3 205 125
11 99 119
19385 39902 324
1309 3771 238
10995 100000 351
857 203 171
699 2742 209
90234 1875 351
34987 4763 311
685 7190 262
8926 193487 383
1358 95 182
2761 29 209
67 71999 340
108430 687183 509
43617 27650 324
73590 67166 325
39720 6204 324
284765 9867 443
519 4999 238
690827 28347 509
100 4876 238
105483 69820 351
129 129 122
