1 10 20
100 200 125
201 210 89
900 1000 174
1 750 171
751 1500 182
1501 2250 183
2251 3000 217
3001 3750 238
3751 4500 215
4501 5250 210
5251 6000 236
6001 6750 262
6751 7500 257
7501 8250 252
8251 9000 247
9001 9750 260
9751 10500 255
10501 11250 268
11251 12000 250
12001 12750 263
12751 13500 276
13501 14250 258
14251 15000 271
15001 15750 271
15751 16500 266
16501 17250 266
17251 18000 279
18001 18750 261
18751 19500 261
19501 20250 274
20251 21000 256
21001 21750 256
21751 22500 269
750 1 171
1500 751 182
2250 1501 183
3000 2251 217
3750 3001 238
4500 3751 215
5250 4501 210
6000 5251 236
6750 6001 262
7500 6751 257
8250 7501 252
9000 8251 247
9750 9001 260
10500 9751 255
11250 10501 268
12000 11251 250
12750 12001 263
13500 12751 276
14250 13501 258
15000 14251 271
15750 15001 271
16500 15751 266
17250 16501 266
18000 17251 279
18750 18001 261
19500 18751 261
20250 19501 274
21000 20251 256
21750 21001 256
22500 21751 269
1 1000000 525
1000000 1 525
10 1 20
12345 45678 324
1000000 1000000 153
93280 812938 509
56029 394729 443
1 999999 525
999999 1 525
50 500 144
500 50 144
40 39 35
1 749 171
1 751 171
1 1500 182
1 1501 182
1 100000 351
100000 56 351
5 500 144
15 2500 209
45 12500 268
135 62500 340
405 312500 443
928301 209809 525
875894 8297 525
1234 5839 238
500 500 111
600 601 57
603 605 70
601 402 142
750 751 140
749 750 47
5 755 171
2787 7081 262
38109 874187 525
100028 931809 525
829138 83901 509
937734 938046 352
5483 58798 340
37918 87943 351
8794 1 262
9380 90238 351
948027 394822 525
999999 98005 525
989809 38793 525
1 2 2
1 3 8
1 4 8
1 5 8
8978 23879 282
10928 92809 351
2 198390 383
6 198384 383
18 198378 383
54 198372 383
162 198366 383
486 198360 383
1458 198354 383
4374 198348 383
13122 198342 383
39366 198336 383
118098 198330 383
354294 198324 443
